7017578801 1359424659 9118855874 7949780201 7995428606
8265599782 2151563029 2121913799 4966503553 6785400505
4232472530 5584721833 6635696622 7418760375 3353406089
4044168831 4496445335 4402752766 5208374761 4059542846
2976735807 0882130902 2460461146 5810642210 6680122702
9639990795 6374559156 6069476134 0422633082 4830299826
1128365797 2344115454 9519642670 8552924063 4801578136
8643081314 7294569162 3040839037 5838922302 3009559510
2193448667 3248275907 9468078798 1942501958 2622320395
2901618766 7952406163 4252257719 5429162991 9306455377
1415926535 8979323846 2643383279 5028841971 6939937510
4610126483 6999892256 9596881592 0560010165 5256375678
1969160480 9946068149 0403781982 9732360930 0871357607
1732635745 2786203000 5748402764 4036288567 0302308457
4304235726 9444691265 8389997278 5037003758 8969913746
9595212444 0560706693 7596661316 8092736346 7336890765
3582190343 3402099829 6170907664 4380831260 8271520841
0591674246 3615412153 5661523987 8737785726 7338115968
2039781390 8348068215 2081597561 7994883438 9979340819
6599559400 3447556105 3766739199 8513398712 7510930042
